2 0.230769 0.053467 0.118590 0.022327
3 0.136218 0.180376 0.105769 0.015276
3 0.135417 0.297297 0.104167 0.014101
3 0.664263 0.105170 0.280449 0.015276
3 0.653846 0.193302 0.259615 0.015276
3 0.182692 0.414219 0.201923 0.015276
3 0.571314 0.356639 0.094551 0.015276
3 0.571314 0.445946 0.094551 0.015276
3 0.180288 0.606345 0.193910 0.014101
3 0.570513 0.535253 0.092949 0.015276
3 0.570513 0.625147 0.092949 0.014101
3 0.180288 0.723854 0.193910 0.014101
3 0.558494 0.707991 0.068910 0.015276
3 0.225962 0.840776 0.285256 0.015276
3 0.573718 0.791422 0.099359 0.015276
3 0.576122 0.874266 0.104167 0.014101
0 0.904647 0.951821 0.024038 0.009401
