2 0.230769 0.053467 0.118590 0.022327
3 0.720353 0.209166 0.392628 0.072855
3 0.233173 0.232080 0.302885 0.015276
3 0.632212 0.296122 0.216346 0.014101
3 0.241186 0.364865 0.315705 0.015276
3 0.671474 0.396592 0.294872 0.015276
3 0.227564 0.497650 0.288462 0.015276
3 0.672276 0.496475 0.296474 0.015276
3 0.179487 0.630435 0.192308 0.015276
3 0.569712 0.656287 0.091346 0.015276
3 0.280449 0.793772 0.394231 0.074031
3 0.570513 0.756169 0.092949 0.015276
3 0.568109 0.856052 0.088141 0.015276
0 0.904647 0.951821 0.024038 0.009401
