2 0.229968 0.053467 0.120192 0.022327
3 0.186699 0.162162 0.206731 0.014101
3 0.118590 0.249706 0.070513 0.015276
3 0.119391 0.337838 0.072115 0.015276
3 0.118590 0.426557 0.073718 0.014101
3 0.138622 0.540541 0.110577 0.014101
3 0.137821 0.629847 0.108974 0.014101
3 0.254006 0.762045 0.341346 0.015276
3 0.278846 0.860165 0.391026 0.032902
3 0.719551 0.171563 0.391026 0.032902
3 0.718750 0.280846 0.389423 0.032902
3 0.719551 0.391304 0.391026 0.032902
3 0.719551 0.501175 0.391026 0.031727
3 0.719551 0.635723 0.391026 0.032902
3 0.719551 0.747356 0.391026 0.032902
3 0.718750 0.857227 0.389423 0.031727
0 0.903846 0.951821 0.022436 0.009401
