2 0.181090 0.052879 0.057692 0.011751
3 0.142628 0.200940 0.118590 0.014101
3 0.583333 0.161575 0.118590 0.015276
3 0.579327 0.285546 0.110577 0.014101
3 0.138622 0.321387 0.110577 0.015276
3 0.580128 0.409518 0.108974 0.015276
3 0.138622 0.441833 0.110577 0.014101
3 0.583333 0.585194 0.118590 0.014101
3 0.177885 0.595770 0.185897 0.014101
3 0.177885 0.716804 0.185897 0.014101
3 0.584135 0.709753 0.116987 0.014101
3 0.580128 0.834313 0.108974 0.014101
3 0.241186 0.837250 0.315705 0.015276
0 0.094551 0.951821 0.025641 0.009401
