2 0.229968 0.052879 0.120192 0.023502
3 0.266827 0.183314 0.370192 0.049354
3 0.217949 0.309636 0.269231 0.050529
3 0.276442 0.443008 0.386218 0.014101
3 0.720353 0.195065 0.392628 0.082256
3 0.721154 0.333137 0.394231 0.064630
3 0.719551 0.471798 0.391026 0.083431
3 0.279647 0.559342 0.392628 0.070505
3 0.627404 0.642773 0.206731 0.014101
3 0.210737 0.685076 0.254808 0.014101
3 0.560897 0.720917 0.073718 0.015276
3 0.560897 0.800235 0.073718 0.014101
3 0.615385 0.878966 0.182692 0.014101
3 0.237179 0.776146 0.307692 0.015276
3 0.252404 0.867215 0.338141 0.014101
0 0.905449 0.951821 0.025641 0.009401
