2 0.230769 0.053467 0.118590 0.022327
3 0.141827 0.190952 0.116987 0.015276
3 0.627404 0.160987 0.206731 0.014101
3 0.621795 0.285546 0.195513 0.014101
3 0.131410 0.278496 0.096154 0.014101
3 0.145833 0.366627 0.125000 0.014101
3 0.705929 0.408931 0.363782 0.014101
3 0.137821 0.454759 0.108974 0.014101
3 0.141827 0.542303 0.116987 0.015276
3 0.627404 0.588719 0.206731 0.014101
3 0.621795 0.710928 0.195513 0.014101
3 0.233173 0.754407 0.299679 0.032902
3 0.248397 0.860752 0.333333 0.034078
3 0.705929 0.835488 0.363782 0.014101
0 0.903846 0.951821 0.025641 0.009401
