2 0.230769 0.053467 0.118590 0.022327
3 0.709936 0.160987 0.371795 0.023502
3 0.270032 0.179201 0.373397 0.015276
3 0.701122 0.243831 0.354167 0.022327
3 0.278846 0.297885 0.391026 0.031727
3 0.699519 0.327262 0.354167 0.022327
3 0.278846 0.427732 0.391026 0.032902
3 0.718750 0.486486 0.389423 0.079906
3 0.278846 0.558167 0.391026 0.032902
3 0.666667 0.614571 0.285256 0.056404
3 0.278846 0.687427 0.391026 0.032902
3 0.718750 0.734430 0.389423 0.058754
3 0.278846 0.827262 0.391026 0.054054
3 0.713141 0.856639 0.378205 0.058754
0 0.904647 0.951821 0.024038 0.009401
