2 0.230769 0.053467 0.118590 0.022327
3 0.192308 0.230905 0.217949 0.022327
3 0.569712 0.105170 0.091346 0.015276
3 0.569712 0.199765 0.094551 0.014101
3 0.568109 0.294947 0.088141 0.014101
3 0.194712 0.341363 0.222756 0.022327
3 0.721154 0.465335 0.394231 0.044653
3 0.198718 0.448296 0.230769 0.015276
3 0.608974 0.580494 0.169872 0.014101
3 0.169872 0.551116 0.173077 0.016451
3 0.569712 0.674501 0.091346 0.014101
3 0.145032 0.752056 0.123397 0.014101
3 0.152244 0.854289 0.137821 0.014101
3 0.570513 0.769095 0.092949 0.015276
3 0.568109 0.863690 0.088141 0.014101
0 0.904647 0.951821 0.024038 0.009401
