2 0.181090 0.052879 0.057692 0.011751
3 0.153045 0.202115 0.136218 0.014101
3 0.645032 0.181551 0.241987 0.015276
3 0.627404 0.273208 0.206731 0.015276
3 0.623397 0.364865 0.198718 0.015276
3 0.129006 0.323149 0.091346 0.014101
3 0.129808 0.445358 0.092949 0.014101
3 0.585737 0.498825 0.123397 0.015276
3 0.590545 0.591069 0.133013 0.014101
3 0.584936 0.682139 0.121795 0.015276
3 0.654647 0.773208 0.261218 0.014101
3 0.654647 0.862515 0.261218 0.021152
3 0.225962 0.592244 0.285256 0.014101
3 0.227564 0.713866 0.288462 0.015276
3 0.235577 0.835488 0.304487 0.014101
0 0.093750 0.951821 0.024038 0.009401
