2 0.230769 0.053467 0.118590 0.022327
3 0.183494 0.179201 0.203526 0.015276
3 0.707532 0.206228 0.366987 0.066980
3 0.184295 0.243243 0.201923 0.014101
3 0.708333 0.381316 0.368590 0.066980
3 0.201122 0.435370 0.235577 0.111633
3 0.584936 0.598120 0.121795 0.014101
3 0.225160 0.595182 0.283654 0.111633
3 0.600962 0.717979 0.153846 0.014101
3 0.171474 0.766157 0.176282 0.014101
3 0.600962 0.839013 0.153846 0.014101
3 0.187500 0.829612 0.208333 0.014101
3 0.187500 0.894242 0.208333 0.014101
0 0.904647 0.951821 0.024038 0.009401
