2 0.181090 0.052879 0.057692 0.011751
3 0.569712 0.178026 0.091346 0.015276
3 0.570513 0.276146 0.092949 0.014101
3 0.569712 0.374266 0.091346 0.015276
3 0.129006 0.160400 0.091346 0.015276
3 0.129808 0.241481 0.092949 0.015276
3 0.127404 0.322562 0.088141 0.015276
3 0.568910 0.472385 0.086538 0.014101
3 0.145032 0.552879 0.123397 0.015276
3 0.129006 0.632785 0.091346 0.015276
3 0.569712 0.663337 0.091346 0.015276
3 0.570513 0.760870 0.092949 0.015276
3 0.568910 0.858989 0.086538 0.014101
3 0.128205 0.713866 0.086538 0.015276
3 0.129006 0.795535 0.091346 0.014101
3 0.128205 0.876028 0.086538 0.015276
0 0.094551 0.951821 0.025641 0.009401
