2 0.181090 0.052879 0.057692 0.011751
3 0.582532 0.197415 0.113782 0.023502
3 0.586538 0.286722 0.121795 0.023502
3 0.152244 0.199765 0.134615 0.014101
3 0.152244 0.320799 0.134615 0.014101
3 0.706731 0.428907 0.362179 0.032902
3 0.165865 0.440658 0.161859 0.014101
3 0.684295 0.523502 0.320513 0.015276
3 0.145032 0.560517 0.123397 0.014101
3 0.711538 0.617509 0.375000 0.034078
3 0.251603 0.690364 0.336538 0.031727
3 0.721154 0.738543 0.394231 0.069330
3 0.251603 0.828437 0.336538 0.032902
3 0.718750 0.860752 0.389423 0.031727
0 0.094551 0.951821 0.025641 0.009401
