0 0.181090 0.052879 0.057692 0.011751
3 0.239583 0.145123 0.309295 0.022327
3 0.636218 0.221504 0.221154 0.045828
3 0.239583 0.253231 0.309295 0.022327
3 0.635417 0.326675 0.222756 0.047004
3 0.126603 0.456522 0.086538 0.015276
3 0.568109 0.458872 0.088141 0.015276
3 0.125801 0.559929 0.084936 0.015276
3 0.701122 0.531727 0.354167 0.015276
3 0.720353 0.639248 0.389423 0.032902
3 0.279647 0.707991 0.389423 0.062280
3 0.719551 0.747944 0.391026 0.066980
3 0.279647 0.844888 0.389423 0.032902
3 0.719551 0.865452 0.391026 0.052879
0 0.094551 0.951821 0.025641 0.009401
