2 0.181090 0.052879 0.057692 0.011751
3 0.215545 0.179788 0.264423 0.014101
3 0.218750 0.262632 0.270833 0.015276
3 0.596154 0.179788 0.141026 0.014101
3 0.643429 0.274971 0.235577 0.014101
3 0.620994 0.370153 0.190705 0.014101
3 0.236378 0.378378 0.302885 0.014101
3 0.225160 0.494125 0.283654 0.015276
3 0.693109 0.544066 0.338141 0.014101
3 0.219551 0.609871 0.272436 0.014101
3 0.707532 0.651586 0.363782 0.015276
3 0.219551 0.725617 0.269231 0.015276
3 0.706731 0.746769 0.365385 0.015276
3 0.231571 0.841951 0.296474 0.015276
3 0.718750 0.851939 0.389423 0.032902
0 0.093750 0.951821 0.024038 0.009401
