2 0.181090 0.053467 0.057692 0.010576
3 0.278846 0.175676 0.391026 0.045828
3 0.570513 0.185664 0.089744 0.014101
3 0.277244 0.309636 0.387821 0.024677
3 0.571314 0.305523 0.091346 0.014101
3 0.262821 0.434783 0.358974 0.028202
3 0.568910 0.426557 0.086538 0.014101
3 0.585737 0.595770 0.123397 0.014101
3 0.185096 0.607521 0.203526 0.014101
3 0.586538 0.716804 0.125000 0.014101
3 0.140224 0.723267 0.113782 0.015276
3 0.572115 0.837838 0.096154 0.014101
3 0.156250 0.841363 0.145833 0.014101
0 0.095353 0.951821 0.024038 0.009401
