2 0.230769 0.053467 0.118590 0.022327
3 0.260417 0.180964 0.354167 0.054054
3 0.628205 0.166275 0.208333 0.022327
3 0.264423 0.301998 0.362179 0.054054
3 0.661859 0.261457 0.275641 0.022327
3 0.697115 0.356639 0.349359 0.022327
3 0.272436 0.422444 0.381410 0.055229
3 0.708333 0.461810 0.371795 0.042303
3 0.141026 0.613984 0.118590 0.015276
3 0.700321 0.577556 0.355769 0.043478
3 0.141026 0.699765 0.118590 0.015276
3 0.718750 0.725617 0.389423 0.031727
3 0.719551 0.847826 0.391026 0.052879
3 0.141026 0.786134 0.115385 0.014101
3 0.141026 0.871915 0.115385 0.014101
0 0.904647 0.951821 0.024038 0.009401
