2 0.181090 0.052879 0.057692 0.011751
3 0.136218 0.142186 0.102564 0.014101
3 0.693910 0.124559 0.339744 0.014101
3 0.148237 0.244418 0.126603 0.014101
3 0.684295 0.246769 0.317308 0.023502
3 0.137821 0.388954 0.105769 0.016451
3 0.721955 0.470035 0.392628 0.209166
3 0.149840 0.490012 0.129808 0.014101
3 0.135417 0.653349 0.104167 0.014101
3 0.650641 0.714454 0.253205 0.014101
3 0.135417 0.754407 0.104167 0.014101
3 0.633013 0.836075 0.217949 0.015276
3 0.139423 0.856639 0.112179 0.014101
0 0.094551 0.951821 0.025641 0.009401
